- ID: 1
  label: Snorgle
  horizontalPosition: 2.84873828125e+3
  width: 6e+0
- ID: 2
  label: Characters
  horizontalPosition: 2.87952799479167e+3
  width: 4e+0
- ID: 3
  label: Flongwaffle
  horizontalPosition: 1.20858919270833e+3
  width: 8e+0
