- ID: 1
  label: Snorgle
  horizontalPosition: 3.17522021484375e+3
  width: 6e+0
- ID: 2
  label: Characters
  horizontalPosition: 3.15882242838542e+3
  width: 4e+0
- ID: 3
  label: Flongwaffle
  horizontalPosition: 1.20858919270833e+3
  width: 8e+0
