- ID: 1
  label: Snorgle
  horizontalPosition: 8.84520833333333e+2
  width: 6e+0
- ID: 2
  label: Characters
  horizontalPosition: 1.88506060606061e+3
  width: 4e+0
- ID: 3
  label: Flongwaffle
  horizontalPosition: 1.97970904356061e+3
  width: 8e+0
