- ID: 1
  label: Snorgle
  horizontalPosition: 9.53766690340909e+2
  width: 6e+0
- ID: 2
  label: Characters
  horizontalPosition: 1.56749786931818e+3
  width: 4e+0
- ID: 3
  label: Flongwaffle
  horizontalPosition: 1.58605859375e+3
  width: 8e+0
