- ID: 1
  label: Snorgle
  horizontalPosition: 9.56348366477273e+2
  width: 6e+0
- ID: 2
  label: Characters
  horizontalPosition: 1.89321519886364e+3
  width: 4e+0
- ID: 3
  label: Flongwaffle
  horizontalPosition: 2.82915914554196e+3
  width: 8e+0
