- ID: 1
  label: Snorgle
  horizontalPosition: 9.56348366477273e+2
  width: 6e+0
- ID: 2
  label: Characters
  horizontalPosition: 1.66937997159091e+3
  width: 4e+0
- ID: 3
  label: Flongwaffle
  horizontalPosition: 1.64391370738636e+3
  width: 8e+0
